.Random.seed <-
c(403L, 10L, 1717495411L, 692530914L, -981241260L, -1090839721L, 
1282580301L, -1177812252L, -1758270774L, 1530831669L, 439216527L, 
1756364438L, 641556032L, 1856440067L, 1833320225L, -6911984L, 
-448163858L, 108736409L, 1911461931L, -560612070L, -1155297316L, 
-1894460961L, -50088523L, 1703850828L, -890908254L, -24772355L, 
887188983L, -1511957730L, 294430168L, -1930436805L, 1510381785L, 
2054730856L, -45913706L, 92485905L, -1320437053L, 667767506L, 
-1111919772L, -1376577881L, -728440835L, -1083663884L, 631670490L, 
530405413L, 1191269695L, -1665533242L, 452056912L, -1816713357L, 
1867278737L, 1122261952L, 1078447518L, 110698345L, -1471292517L, 
-816151894L, 1463135436L, -872663665L, 638390725L, -1516169860L, 
1876377042L, -987739827L, 1476566023L, -1922540562L, -271695160L, 
-1218003509L, -746915799L, -1471586696L, 1631255462L, 555462081L, 
916269651L, 1981669634L, -1546557388L, 1014116791L, 424285613L, 
1458835140L, 1063330538L, -113093291L, -709440785L, 2049898742L, 
-1774577632L, 1601161699L, -1001792895L, 1395520752L, 1545186190L, 
600745209L, 1355083403L, 28147386L, 96334268L, -777272577L, 1962063445L, 
-751414932L, -300330558L, 456067613L, 966357655L, -1878844418L, 
-14149704L, 1705438107L, -1451167239L, 1201332552L, 461667446L, 
-1868183119L, -1062217757L, 1870816434L, -2130286332L, 1981141575L, 
-1734830819L, 1518564244L, -439449798L, -1157895291L, 702898271L, 
-1138826522L, 1006676336L, 548442771L, -779949263L, -489031200L, 
1060347518L, -1729215223L, -1935542469L, -1636495606L, 549498604L, 
1557494639L, 112979109L, 1655934556L, 900761138L, 2019792173L, 
-655957017L, -1303035122L, -1944689432L, -2048844053L, -301387895L, 
231516952L, 55320134L, -175608159L, 826421555L, 70287522L, -580563052L, 
-939999721L, 729680397L, -128925916L, -1010570486L, 1933092469L, 
-1759939121L, -1124786474L, 2091926144L, -594793277L, -2046637471L, 
70009552L, -1230400466L, 928692697L, -897579541L, -910340006L, 
718078492L, 234992415L, -849950859L, -1418359284L, -1505937438L, 
1978047677L, 799660855L, 441435102L, 898973976L, -156310405L, 
2105096729L, 1989413544L, 971087958L, 640400593L, -845830013L, 
-1360291054L, 2000240292L, 178014823L, -364395587L, -709198540L, 
-53856614L, -646945563L, -1448978817L, -1125408762L, 2085454736L, 
223112755L, 358899153L, 157384576L, -950537634L, -2077636183L, 
-2023118757L, 722079850L, -629194484L, -1383523505L, 1726720005L, 
-1815570756L, -785346670L, 1891179661L, -420140345L, 1000598446L, 
651675144L, 2015304203L, -2077795607L, 1491699128L, 340271718L, 
934268673L, 841099667L, -839400894L, 1393608180L, -678961161L, 
1052271597L, 1810254980L, 984216234L, -542357483L, 1489399983L, 
-759210314L, 1966755040L, 2080714787L, 1364299585L, 1039331888L, 
-432467890L, -615132999L, -1422875445L, -2069206662L, -2006256516L, 
270106815L, 900867477L, -1509403220L, 364031874L, -2100701859L, 
152530007L, -1273967810L, -2113629320L, -354025381L, 920831929L, 
1384699400L, -353180490L, -1085111311L, -749318621L, 681078386L, 
1344492740L, 1900854130L, -182380304L, -123432892L, 1183415640L, 
1868923962L, 1100594032L, -1384764356L, -1407859948L, 258220482L, 
-500629280L, 396380028L, -100731184L, 892143266L, 1607830568L, 
-872509172L, -882594884L, 1219378482L, 27424704L, -1892683212L, 
408026056L, -2100685638L, -835403888L, -1571426836L, 1676734548L, 
1983336082L, 876778272L, 1322804684L, 1901444064L, 301603522L, 
-828732888L, -2114804052L, -307664196L, -1331377678L, -1777575632L, 
-1628177244L, 792361656L, -73346214L, 1536800144L, 255132028L, 
-617028332L, 473338178L, 1622080256L, 495537084L, 851850064L, 
1686772002L, -373768888L, 738514956L, -1326251940L, -861037358L, 
617805824L, 317340500L, 1956878824L, 451071994L, 607424208L, 
861082924L, 1758413044L, 1130542994L, 1840159840L, -763859700L, 
897269472L, -1528267422L, 119890600L, 344623692L, -571668612L, 
413764402L, -1565690256L, -1644659388L, -686400552L, 465338490L, 
-1256958416L, 387351228L, 990848852L, -1323953598L, -1151532128L, 
-1088364356L, -944604720L, -1916541598L, -487330840L, 377933772L, 
-2026195204L, 178974706L, -653878144L, 676952308L, 753001608L, 
1968375098L, 1916187472L, -203801492L, -1382477676L, 758266194L, 
46270176L, -482582324L, -2126065504L, -2017996414L, -1311502104L, 
898699500L, 602452028L, -1363005326L, -1663100816L, -819389916L, 
-1729449416L, -281927142L, -1249040176L, -321677764L, 886748308L, 
1953784962L, 1781223360L, 1349551420L, -1914210672L, -1929360350L, 
637503496L, 1934333068L, 508033052L, -2083249006L, 935242880L, 
659029012L, -61750488L, 1016122426L, -563409712L, 2032831596L, 
-1789643084L, -987406318L, 744812512L, -951192628L, 180450784L, 
-2084602846L, -466635480L, 1354801420L, 1614097980L, 711292146L, 
-544827152L, -1800607932L, 573485144L, 1742895674L, 1517791472L, 
-1267977540L, -173702636L, -284345150L, 486311520L, 1641313660L, 
495992016L, -1283888094L, -593725272L, -1127178868L, -61212228L, 
-1258047438L, 1514793792L, 1325332148L, -1029279416L, -1248927046L, 
1454241552L, -116471572L, -213198764L, 69013266L, -2113949280L, 
669175756L, 91518816L, 1688544450L, -299078104L, 270780844L, 
-2060876996L, -545713294L, 518887216L, 710576164L, -1677107656L, 
-1924136230L, 143513488L, -913191684L, 1622959508L, -980094142L, 
914389504L, 28219452L, -1498138032L, 1042636962L, -524696760L, 
-1273392628L, 1842885340L, -1421186990L, -1687643008L, -1859571884L, 
313098216L, 320826106L, 791035728L, -1332886484L, -2070027916L, 
-545384814L, -2142242208L, 1216583820L, -1577596576L, -1202464542L, 
-1810856792L, 506089164L, -1839670788L, 141058994L, 698186736L, 
947476932L, 843050328L, 1825622394L, -1946175056L, 1675919804L, 
1649917524L, 1623353794L, 1648888608L, 1893899196L, -302145456L, 
1808720866L, -768931992L, -308469940L, 880312060L, -137265422L, 
780893440L, -231721868L, -547021304L, 2055134650L, 2028783056L, 
1674797036L, 768637844L, 1095094482L, 926993504L, -1814391476L, 
681650976L, 1940503170L, -1685446168L, -1880480788L, 1477117500L, 
-1466057102L, -599501968L, 476319012L, -1495837747L, -889572553L, 
237898176L, 1446592158L, -1573886101L, 504438509L, 571214682L, 
-819681256L, -1973238399L, -464833741L, -2085568172L, -1747393694L, 
-1787895817L, 10453057L, 262169798L, -272088572L, -1045754443L, 
185512607L, 26845944L, 219944662L, 709739363L, -1859917019L, 
317479106L, 99644848L, -735824423L, 2121237323L, -1752809028L, 
247775722L, -867592673L, -915987287L, 779639870L, -1547598548L, 
1684955005L, -1867047481L, 748062896L, 831133390L, 1469496315L, 
927595613L, -697683062L, -488623192L, -1451646703L, 2012964867L, 
-1618928892L, 960907058L, -844462713L, -279909423L, -570395306L, 
-1018434764L, 802547269L, 1949487759L, -1680286712L, 2014238758L, 
-150382381L, 1859226165L, -170776174L, 1634245984L, -2060782391L, 
726378491L, 1849837516L, 1073986138L, 152663887L, 1380902425L, 
-1408957394L, -338208196L, -1055270995L, -2030469033L, 1514198432L, 
-881871106L, -1452808757L, -621587507L, -749431046L, 1488207160L, 
529073889L, -1491564141L, 1406079412L, -1376955710L, 2059154135L, 
-809807071L, -1561767194L, -2117045276L, -390573291L, -1414153409L, 
-345289000L, 743049974L, -552348413L, 1827765829L, 1923925602L, 
-1135010352L, -259941639L, 1610479659L, 1355712412L, -1187039286L, 
1333252287L, -1854578167L, -1436103906L, 1573851852L, 473508509L, 
-416602329L, 1057261904L, -506300434L, 1281546395L, -883559683L, 
1161615850L, 69108360L, -1803152335L, 64312995L, -396398940L, 
-1433841838L, 1912465063L, 336116465L, -1447013834L, 770281172L, 
1868157541L, 1372524655L, -1294720344L, -1759236090L, -1738314445L, 
-308239979L, -1626767886L, -1671355840L, 2058091433L, 963491355L, 
843878380L, 1518393338L, 1632889903L, -939209671L, -993075634L, 
1990848156L, -1568431091L, -1989953417L, 353153152L, 406210270L, 
-1901141L, 801533613L, 565121818L, -1824150568L, 459888705L, 
1740097267L, -1228805868L, 1758043298L, 204249527L, -1495024255L, 
2141510534L, -1188431420L, 1730506997L, 305004895L, -70300744L, 
-1617871210L, 682715299L, 2119258725L, 740956034L, -1011340048L, 
